$topographyGrid
$topographyGrid$topographyGrid
           [,1]        [,2]       [,3]       [,4]       [,5]         [,6]
 [1,] -3.141593  -3.1415927  -3.141593  -3.141593  -3.141593  -3.14159265
 [2,] -3.141593   0.0000000   0.000000   0.000000   0.000000   0.00000000
 [3,] -3.141593   0.0000000   0.000000   0.000000   0.000000   0.00000000
 [4,] -3.141593   0.0000000   0.000000   0.000000   0.000000   0.00000000
 [5,] -3.141593   0.0000000   0.000000   0.000000   0.000000   0.00000000
 [6,] -3.141593   0.0000000   0.000000   0.000000   0.000000   0.00000000
 [7,] -3.141593   0.0000000   0.000000   0.000000   0.000000   0.00000000
 [8,] -3.141593  -2.2785039  -1.691003  -1.454421  -1.563919  -1.94436186
 [9,] -3.141593  -5.3506473  -6.854340  -7.459867  -7.179610  -6.20587569
[10,] -3.141593  -7.1674045  -9.907755 -11.011275 -10.500532  -8.72598460
[11,] -3.141593  -7.5910746 -10.619816 -11.839468 -11.274975  -9.31367717
[12,] -3.141593  -6.8614197  -9.393488 -10.413134  -9.941210  -8.30153877
[13,] -3.141593  -5.4925491  -7.092834  -7.737257  -7.438998  -6.40271433
[14,] -3.141593  -4.1077854  -4.765468  -5.030312  -4.907734  -4.48184382
[15,] -3.141593  -3.2559966  -3.333871  -3.365230  -3.350716  -3.30028766
[16,] -3.141593  -3.0271887  -2.949315  -2.917955  -2.932469  -2.98289764
[17,] -3.141593  -2.1753999  -1.517717  -1.252873  -1.375451  -1.80134148
[18,] -3.141593  -0.7906362   0.000000   0.000000   0.000000   0.00000000
[19,] -3.141593   0.0000000   0.000000   0.000000   0.000000   0.00000000
[20,] -3.141593   0.0000000   0.000000   0.000000   0.000000   0.00000000
[21,] -3.141593   0.0000000   0.000000   0.000000   0.000000   0.00000000
[22,] -3.141593  -0.9325380   0.000000   0.000000   0.000000  -0.07730962
[23,] -3.141593  -4.0046814  -4.592182  -4.828764  -4.719266  -4.33882344
[24,] -3.141593  -7.8058775 -10.980834 -12.259366 -11.667622  -9.61164041
[25,] -3.141593 -11.5107723 -17.207633 -19.501717 -18.439944 -14.75087324
[26,] -3.141593 -14.1702391 -21.677386 -24.700460 -23.301288 -18.43994406
[27,] -3.141593 -14.9356761 -22.963852 -26.196741 -24.700460 -19.50171747
[28,] -3.141593 -13.2818608 -20.184293 -22.963852 -21.677386 -17.20763292
[29,] -3.141593  -9.1749698 -13.281861 -14.935676 -14.170239 -11.51077231
[30,] -3.141593  -3.1415927  -3.141593  -3.141593  -3.141593  -3.14159265
              [,7]      [,8]        [,9]        [,10]       [,11]       [,12]
 [1,]  -3.14159265 -3.141593 -3.14159265  -3.14159265  -3.1415927  -3.1415927
 [2,]   0.00000000 -2.278504 -5.35064730  -7.16740452  -7.5910746  -6.8614197
 [3,]   0.00000000 -1.691003 -6.85434024  -9.90775541 -10.6198157  -9.3934882
 [4,]   0.00000000 -1.454421 -7.45986651 -11.01127490 -11.8394678 -10.4131339
 [5,]   0.00000000 -1.563919 -7.17961019 -10.50053189 -11.2749750  -9.9412103
 [6,]   0.00000000 -1.944362 -6.20587569  -8.72598460  -9.3136772  -8.3015388
 [7,]   0.00000000 -2.474356 -4.84936924  -6.25386842  -6.5813994  -6.0173176
 [8,]  -2.47435575 -3.018126 -3.45760310  -3.71749449  -3.7781015  -3.6737226
 [9,]  -4.84936924 -3.457603 -2.33277160  -1.66758594  -1.5124638  -1.7796189
[10,]  -6.25386842 -3.717494 -1.66758594  -0.45534236  -0.1726456  -0.6595128
[11,]  -6.58139939 -3.778101 -1.51246381  -0.17264563   0.0000000  -0.3983026
[12,]  -6.01731760 -3.673723 -1.77961891  -0.65951279  -0.3983026  -0.8481651
[13,]  -4.95907073 -3.477902 -2.28081582  -1.57290099  -1.4078144  -1.6921306
[14,]  -3.88853722 -3.279809 -2.78783181  -2.49689398  -2.4290469  -2.5458948
[15,]  -3.23003606 -3.157958 -3.09970492  -3.06525587  -3.0572223  -3.0710579
[16,]  -3.05314925 -3.125227 -3.18348038  -3.21792944  -3.2259630  -3.2121274
[17,]  -2.39464809 -3.003377 -3.49535350  -3.78629133  -3.8541384  -3.7372905
[18,]  -1.32411457 -2.805283 -4.00236949  -4.71028431  -4.8753709  -4.5910547
[19,]  -0.26586771 -2.609463 -4.50356640  -5.62367252  -5.8848827  -5.4350202
[20,]   0.00000000 -2.505084 -4.77072150  -6.11053968  -6.4229870  -5.8848827
[21,]  -0.02931689 -2.565691 -4.61559936  -5.82784295  -6.1105397  -5.6236725
[22,]  -1.43381607 -2.825582 -3.95041370  -4.61559936  -4.7707215  -4.5035664
[23,]  -3.80882955 -3.265060 -2.82558220  -2.56569082  -2.5050838  -2.6094627
[24,]  -6.74745933 -3.808830 -1.43381607  -0.02931689   0.0000000  -0.2658677
[25,]  -9.61164041 -4.338823 -0.07730962   0.00000000   0.0000000   0.0000000
[26,] -11.66762176 -4.719266  0.00000000   0.00000000   0.0000000   0.0000000
[27,] -12.25936598 -4.828764  0.00000000   0.00000000   0.0000000   0.0000000
[28,] -10.98083399 -4.592182  0.00000000   0.00000000   0.0000000   0.0000000
[29,]  -7.80587755 -4.004681 -0.93253801   0.00000000   0.0000000   0.0000000
[30,]  -3.14159265 -3.141593 -3.14159265  -3.14159265  -3.1415927  -3.1415927
           [,13]     [,14]     [,15]     [,16]     [,17]      [,18]       [,19]
 [1,] -3.1415927 -3.141593 -3.141593 -3.141593 -3.141593 -3.1415927  -3.1415927
 [2,] -5.4925491 -4.107785 -3.255997 -3.027189 -2.175400 -0.7906362   0.0000000
 [3,] -7.0928339 -4.765468 -3.333871 -2.949315 -1.517717  0.0000000   0.0000000
 [4,] -7.7372571 -5.030312 -3.365230 -2.917955 -1.252873  0.0000000   0.0000000
 [5,] -7.4389981 -4.907734 -3.350716 -2.932469 -1.375451  0.0000000   0.0000000
 [6,] -6.4027143 -4.481844 -3.300288 -2.982898 -1.801341  0.0000000   0.0000000
 [7,] -4.9590707 -3.888537 -3.230036 -3.053149 -2.394648 -1.3241146  -0.2658677
 [8,] -3.4779025 -3.279809 -3.157958 -3.125227 -3.003377 -2.8052828  -2.6094627
 [9,] -2.2808158 -2.787832 -3.099705 -3.183480 -3.495353 -4.0023695  -4.5035664
[10,] -1.5729010 -2.496894 -3.065256 -3.217929 -3.786291 -4.7102843  -5.6236725
[11,] -1.4078144 -2.429047 -3.057222 -3.225963 -3.854138 -4.8753709  -5.8848827
[12,] -1.6921306 -2.545895 -3.071058 -3.212127 -3.737291 -4.5910547  -5.4350202
[13,] -2.2255226 -2.765107 -3.097014 -3.186171 -3.518078 -4.0576627  -4.5910547
[14,] -2.7651075 -2.986865 -3.123272 -3.159913 -3.296320 -3.5180778  -3.7372905
[15,] -3.0970142 -3.123272 -3.139423 -3.143762 -3.159913 -3.1861711  -3.2121274
[16,] -3.1861711 -3.159913 -3.143762 -3.139423 -3.123272 -3.0970142  -3.0710579
[17,] -3.5180778 -3.296320 -3.159913 -3.123272 -2.986865 -2.7651075  -2.5458948
[18,] -4.0576627 -3.518078 -3.186171 -3.097014 -2.765107 -2.2255226  -1.6921306
[19,] -4.5910547 -3.737291 -3.212127 -3.071058 -2.545895 -1.6921306  -0.8481651
[20,] -4.8753709 -3.854138 -3.225963 -3.057222 -2.429047 -1.4078144  -0.3983026
[21,] -4.7102843 -3.786291 -3.217929 -3.065256 -2.496894 -1.5729010  -0.6595128
[22,] -4.0023695 -3.495353 -3.183480 -3.099705 -2.787832 -2.2808158  -1.7796189
[23,] -2.8052828 -3.003377 -3.125227 -3.157958 -3.279809 -3.4779025  -3.6737226
[24,] -1.3241146 -2.394648 -3.053149 -3.230036 -3.888537 -4.9590707  -6.0173176
[25,]  0.0000000 -1.801341 -2.982898 -3.300288 -4.481844 -6.4027143  -8.3015388
[26,]  0.0000000 -1.375451 -2.932469 -3.350716 -4.907734 -7.4389981  -9.9412103
[27,]  0.0000000 -1.252873 -2.917955 -3.365230 -5.030312 -7.7372571 -10.4131339
[28,]  0.0000000 -1.517717 -2.949315 -3.333871 -4.765468 -7.0928339  -9.3934882
[29,] -0.7906362 -2.175400 -3.027189 -3.255997 -4.107785 -5.4925491  -6.8614197
[30,] -3.1415927 -3.141593 -3.141593 -3.141593 -3.141593 -3.1415927  -3.1415927
            [,20]        [,21]       [,22]     [,23]        [,24]        [,25]
 [1,]  -3.1415927  -3.14159265 -3.14159265 -3.141593  -3.14159265  -3.14159265
 [2,]   0.0000000   0.00000000 -0.93253801 -4.004681  -7.80587755 -11.51077231
 [3,]   0.0000000   0.00000000  0.00000000 -4.592182 -10.98083399 -17.20763292
 [4,]   0.0000000   0.00000000  0.00000000 -4.828764 -12.25936598 -19.50171747
 [5,]   0.0000000   0.00000000  0.00000000 -4.719266 -11.66762176 -18.43994406
 [6,]   0.0000000   0.00000000 -0.07730962 -4.338823  -9.61164041 -14.75087324
 [7,]   0.0000000  -0.02931689 -1.43381607 -3.808830  -6.74745933  -9.61164041
 [8,]  -2.5050838  -2.56569082 -2.82558220 -3.265060  -3.80882955  -4.33882344
 [9,]  -4.7707215  -4.61559936 -3.95041370 -2.825582  -1.43381607  -0.07730962
[10,]  -6.1105397  -5.82784295 -4.61559936 -2.565691  -0.02931689   0.00000000
[11,]  -6.4229870  -6.11053968 -4.77072150 -2.505084   0.00000000   0.00000000
[12,]  -5.8848827  -5.62367252 -4.50356640 -2.609463  -0.26586771   0.00000000
[13,]  -4.8753709  -4.71028431 -4.00236949 -2.805283  -1.32411457   0.00000000
[14,]  -3.8541384  -3.78629133 -3.49535350 -3.003377  -2.39464809  -1.80134148
[15,]  -3.2259630  -3.21792944 -3.18348038 -3.125227  -3.05314925  -2.98289764
[16,]  -3.0572223  -3.06525587 -3.09970492 -3.157958  -3.23003606  -3.30028766
[17,]  -2.4290469  -2.49689398 -2.78783181 -3.279809  -3.88853722  -4.48184382
[18,]  -1.4078144  -1.57290099 -2.28081582 -3.477902  -4.95907073  -6.40271433
[19,]  -0.3983026  -0.65951279 -1.77961891 -3.673723  -6.01731760  -8.30153877
[20,]   0.0000000  -0.17264563 -1.51246381 -3.778101  -6.58139939  -9.31367717
[21,]  -0.1726456  -0.45534236 -1.66758594 -3.717494  -6.25386842  -8.72598460
[22,]  -1.5124638  -1.66758594 -2.33277160 -3.457603  -4.84936924  -6.20587569
[23,]  -3.7781015  -3.71749449 -3.45760310 -3.018126  -2.47435575  -1.94436186
[24,]  -6.5813994  -6.25386842 -4.84936924 -2.474356   0.00000000   0.00000000
[25,]  -9.3136772  -8.72598460 -6.20587569 -1.944362   0.00000000   0.00000000
[26,] -11.2749750 -10.50053189 -7.17961019 -1.563919   0.00000000   0.00000000
[27,] -11.8394678 -11.01127490 -7.45986651 -1.454421   0.00000000   0.00000000
[28,] -10.6198157  -9.90775541 -6.85434024 -1.691003   0.00000000   0.00000000
[29,]  -7.5910746  -7.16740452 -5.35064730 -2.278504   0.00000000   0.00000000
[30,]  -3.1415927  -3.14159265 -3.14159265 -3.141593  -3.14159265  -3.14159265
           [,26]      [,27]      [,28]       [,29]     [,30]
 [1,]  -3.141593  -3.141593  -3.141593  -3.1415927 -3.141593
 [2,] -14.170239 -14.935676 -13.281861  -9.1749698 -3.141593
 [3,] -21.677386 -22.963852 -20.184293 -13.2818608 -3.141593
 [4,] -24.700460 -26.196741 -22.963852 -14.9356761 -3.141593
 [5,] -23.301288 -24.700460 -21.677386 -14.1702391 -3.141593
 [6,] -18.439944 -19.501717 -17.207633 -11.5107723 -3.141593
 [7,] -11.667622 -12.259366 -10.980834  -7.8058775 -3.141593
 [8,]  -4.719266  -4.828764  -4.592182  -4.0046814 -3.141593
 [9,]   0.000000   0.000000   0.000000  -0.9325380 -3.141593
[10,]   0.000000   0.000000   0.000000   0.0000000 -3.141593
[11,]   0.000000   0.000000   0.000000   0.0000000 -3.141593
[12,]   0.000000   0.000000   0.000000   0.0000000 -3.141593
[13,]   0.000000   0.000000   0.000000  -0.7906362 -3.141593
[14,]  -1.375451  -1.252873  -1.517717  -2.1753999 -3.141593
[15,]  -2.932469  -2.917955  -2.949315  -3.0271887 -3.141593
[16,]  -3.350716  -3.365230  -3.333871  -3.2559966 -3.141593
[17,]  -4.907734  -5.030312  -4.765468  -4.1077854 -3.141593
[18,]  -7.438998  -7.737257  -7.092834  -5.4925491 -3.141593
[19,]  -9.941210 -10.413134  -9.393488  -6.8614197 -3.141593
[20,] -11.274975 -11.839468 -10.619816  -7.5910746 -3.141593
[21,] -10.500532 -11.011275  -9.907755  -7.1674045 -3.141593
[22,]  -7.179610  -7.459867  -6.854340  -5.3506473 -3.141593
[23,]  -1.563919  -1.454421  -1.691003  -2.2785039 -3.141593
[24,]   0.000000   0.000000   0.000000   0.0000000 -3.141593
[25,]   0.000000   0.000000   0.000000   0.0000000 -3.141593
[26,]   0.000000   0.000000   0.000000   0.0000000 -3.141593
[27,]   0.000000   0.000000   0.000000   0.0000000 -3.141593
[28,]   0.000000   0.000000   0.000000   0.0000000 -3.141593
[29,]   0.000000   0.000000   0.000000   0.0000000 -3.141593
[30,]  -3.141593  -3.141593  -3.141593  -3.1415927 -3.141593

$topographyGrid$cellRatio
[1] 5

$topographyGrid$x
 [1]   5  10  15  20  25  30  35  40  45  50  55  60  65  70  75  80  85  90  95
[20] 100 105 110 115 120 125 130 135 140 145 150

$topographyGrid$y
 [1]   5  10  15  20  25  30  35  40  45  50  55  60  65  70  75  80  85  90  95
[20] 100 105 110 115 120 125 130 135 140 145 150


$behaviorGrid
              [,1]         [,2]         [,3]         [,4]         [,5]
 [1,] 0.0013060595 0.0014452021 0.0015795469 0.0017051980 0.0018182578
 [2,] 0.0014452021 0.0000000000 0.0000000000 0.0000000000 0.0000000000
 [3,] 0.0015795469 0.0000000000 0.0000000000 0.0000000000 0.0000000000
 [4,] 0.0017051980 0.0000000000 0.0000000000 0.0000000000 0.0000000000
 [5,] 0.0018182578 0.0000000000 0.0000000000 0.0000000000 0.0000000000
 [6,] 0.0019150249 0.0000000000 0.0000000000 0.0000000000 0.0000000000
 [7,] 0.0019921945 0.0000000000 0.0000000000 0.0000000000 0.0000000000
 [8,] 0.0020470450 0.0022651294 0.0024756940 0.0026726326 0.0028498362
 [9,] 0.0020775974 0.0022989367 0.0025126440 0.0027125219 0.0028923703
[10,] 0.0020827336 0.0023046201 0.0025188557 0.0027192278 0.0028995207
[11,] 0.0020622646 0.0022819704 0.0024941006 0.0026925034 0.0028710244
[12,] 0.0020169420 0.0022318193 0.0024392874 0.0026333299 0.0028079276
[13,] 0.0019484118 0.0021559882 0.0023564071 0.0025438566 0.0027125219
[14,] 0.0018591158 0.0020571789 0.0022484126 0.0024272712 0.0025882066
[15,] 0.0017521468 0.0019388138 0.0021190444 0.0022876119 0.0024392874
[16,] 0.0016310709 0.0018048390 0.0019726154 0.0021295347 0.0022707292
[17,] 0.0014997317 0.0016595073 0.0018137738 0.0019580574 0.0020878825
[18,] 0.0013620486 0.0015071561 0.0000000000 0.0000000000 0.0000000000
[19,] 0.0012218278 0.0000000000 0.0000000000 0.0000000000 0.0000000000
[20,] 0.0010825943 0.0000000000 0.0000000000 0.0000000000 0.0000000000
[21,] 0.0009474576 0.0000000000 0.0000000000 0.0000000000 0.0000000000
[22,] 0.0008190157 0.0009062705 0.0000000000 0.0000000000 0.0000000000
[23,] 0.0006992991 0.0007737997 0.0008457315 0.0009130085 0.0009735437
[24,] 0.0005897556 0.0006525859 0.0007132497 0.0007699879 0.0008210404
[25,] 0.0004912691 0.0005436071 0.0005941403 0.0006414035 0.0006839305
[26,] 0.0004042083 0.0004472711 0.0004888491 0.0005277365 0.0005627270
[27,] 0.0003284954 0.0003634921 0.0003972820 0.0004288853 0.0004573217
[28,] 0.0002636889 0.0002917813 0.0003189050 0.0003442735 0.0003670999
[29,] 0.0002090704 0.0002313440 0.0002528495 0.0002729634 0.0002910617
[30,] 0.0001637313 0.0001811746 0.0001980165 0.0002137684 0.0002279419
              [,6]         [,7]         [,8]         [,9]        [,10]
 [1,] 0.0019150249 0.0019921945 0.0020470450 0.0020775974 0.0020827336
 [2,] 0.0000000000 0.0000000000 0.0022651294 0.0022989367 0.0023046201
 [3,] 0.0000000000 0.0000000000 0.0024756940 0.0025126440 0.0025188557
 [4,] 0.0000000000 0.0000000000 0.0026726326 0.0027125219 0.0027192278
 [5,] 0.0000000000 0.0000000000 0.0028498362 0.0028923703 0.0028995207
 [6,] 0.0000000000 0.0000000000 0.0030015036 0.0030463013 0.0030538324
 [7,] 0.0000000000 0.0000000000 0.0031224549 0.0031690579 0.0031768924
 [8,] 0.0030015036 0.0031224549 0.0032084246 0.0032563106 0.0032643608
 [9,] 0.0030463013 0.0031690579 0.0032563106 0.0033049114 0.0033130817
[10,] 0.0030538324 0.0031768924 0.0032643608 0.0033130817 0.0033212723
[11,] 0.0030238195 0.0031456701 0.0032322789 0.0032805210 0.0032886311
[12,] 0.0029573646 0.0030765373 0.0031612427 0.0032084246 0.0032163564
[13,] 0.0028568815 0.0029720050 0.0030538324 0.0030994111 0.0031070734
[14,] 0.0027259502 0.0028357976 0.0029138748 0.0029573646 0.0029646758
[15,] 0.0025691056 0.0026726326 0.0027462174 0.0027872050 0.0027940954
[16,] 0.0023915767 0.0024879499 0.0025564499 0.0025946052 0.0026010195
[17,] 0.0021989990 0.0022876119 0.0023505960 0.0023856789 0.0023915767
[18,] 0.0000000000 0.0020775974 0.0021347993 0.0021666614 0.0021720177
[19,] 0.0000000000 0.0018637119 0.0019150249 0.0019436069 0.0019484118
[20,] 0.0000000000 0.0000000000 0.0016967981 0.0017221230 0.0017263804
[21,] 0.0000000000 0.0014452021 0.0014849924 0.0015071561 0.0015108820
[22,] 0.0012008912 0.0012492835 0.0012836796 0.0013028386 0.0013060595
[23,] 0.0010253554 0.0010666741 0.0010960425 0.0011124010 0.0011151511
[24,] 0.0008647359 0.0008995821 0.0009243501 0.0009381461 0.0009404654
[25,] 0.0007203291 0.0007493561 0.0007699879 0.0007814801 0.0000000000
[26,] 0.0005926751 0.0006165581 0.0006335336 0.0000000000 0.0000000000
[27,] 0.0004816603 0.0005010697 0.0005148655 0.0000000000 0.0000000000
[28,] 0.0003866369 0.0004022171 0.0004132913 0.0000000000 0.0000000000
[29,] 0.0003065519 0.0003189050 0.0003276853 0.0003325761 0.0000000000
[30,] 0.0002400729 0.0002497471 0.0002566233 0.0002604535 0.0002610974
             [,11]        [,12]        [,13]        [,14]        [,15]
 [1,] 0.0020622646 0.0020169420 0.0019484118 0.0018591158 0.0017521468
 [2,] 0.0022819704 0.0022318193 0.0021559882 0.0020571789 0.0019388138
 [3,] 0.0024941006 0.0024392874 0.0023564071 0.0022484126 0.0021190444
 [4,] 0.0026925034 0.0026333299 0.0025438566 0.0024272712 0.0022876119
 [5,] 0.0028710244 0.0028079276 0.0027125219 0.0025882066 0.0024392874
 [6,] 0.0030238195 0.0029573646 0.0028568815 0.0027259502 0.0025691056
 [7,] 0.0031456701 0.0030765373 0.0029720050 0.0028357976 0.0026726326
 [8,] 0.0032322789 0.0031612427 0.0030538324 0.0029138748 0.0027462174
 [9,] 0.0032805210 0.0032084246 0.0030994111 0.0029573646 0.0027872050
[10,] 0.0032886311 0.0032163564 0.0031070734 0.0029646758 0.0027940954
[11,] 0.0000000000 0.0031847463 0.0030765373 0.0029355392 0.0027666353
[12,] 0.0031847463 0.0031147547 0.0030089239 0.0028710244 0.0027058326
[13,] 0.0030765373 0.0030089239 0.0029066889 0.0027734749 0.0026138958
[14,] 0.0029355392 0.0028710244 0.0027734749 0.0026463661 0.0024941006
[15,] 0.0027666353 0.0027058326 0.0026138958 0.0024941006 0.0023505960
[16,] 0.0025754569 0.0025188557 0.0024332719 0.0023217547 0.0021881665
[17,] 0.0023680725 0.0023160290 0.0022373367 0.0021347993 0.0020119680
[18,] 0.0021506713 0.0021034057 0.0020319378 0.0019388138 0.0018272591
[19,] 0.0019292630 0.0018868633 0.0018227529 0.0017392158 0.0016391455
[20,] 0.0017094136 0.0016718456 0.0016150409 0.0015410233 0.0014523565
[21,] 0.0014960332 0.0014631547 0.0014134407 0.0013486625 0.0012710637
[22,] 0.0012932236 0.0012648023 0.0012218278 0.0011658312 0.0010987521
[23,] 0.0011041915 0.0010799245 0.0010432316 0.0009954202 0.0009381461
[24,] 0.0000000000 0.0009107569 0.0008798119 0.0008394900 0.0007911878
[25,] 0.0000000000 0.0000000000 0.0000000000 0.0006992991 0.0006590631
[26,] 0.0000000000 0.0000000000 0.0000000000 0.0005753720 0.0005422665
[27,] 0.0000000000 0.0000000000 0.0000000000 0.0004675982 0.0004406937
[28,] 0.0000000000 0.0000000000 0.0000000000 0.0003753490 0.0003537523
[29,] 0.0000000000 0.0000000000 0.0003118964 0.0002976022 0.0002804788
[30,] 0.0002585313 0.0002528495 0.0002442584 0.0002330640 0.0002196541
             [,16]        [,17]        [,18]        [,19]        [,20]
 [1,] 0.0016310709 0.0014997317 0.0013620486 0.0012218278 0.0010825943
 [2,] 0.0018048390 0.0016595073 0.0015071561 0.0000000000 0.0000000000
 [3,] 0.0019726154 0.0018137738 0.0000000000 0.0000000000 0.0000000000
 [4,] 0.0021295347 0.0019580574 0.0000000000 0.0000000000 0.0000000000
 [5,] 0.0022707292 0.0020878825 0.0000000000 0.0000000000 0.0000000000
 [6,] 0.0023915767 0.0021989990 0.0000000000 0.0000000000 0.0000000000
 [7,] 0.0024879499 0.0022876119 0.0020775974 0.0018637119 0.0000000000
 [8,] 0.0025564499 0.0023505960 0.0021347993 0.0019150249 0.0016967981
 [9,] 0.0025946052 0.0023856789 0.0021666614 0.0019436069 0.0017221230
[10,] 0.0026010195 0.0023915767 0.0021720177 0.0019484118 0.0017263804
[11,] 0.0025754569 0.0023680725 0.0021506713 0.0019292630 0.0017094136
[12,] 0.0025188557 0.0023160290 0.0021034057 0.0018868633 0.0016718456
[13,] 0.0024332719 0.0022373367 0.0020319378 0.0018227529 0.0016150409
[14,] 0.0023217547 0.0021347993 0.0019388138 0.0017392158 0.0015410233
[15,] 0.0021881665 0.0020119680 0.0018272591 0.0016391455 0.0014523565
[16,] 0.0020369611 0.0018729382 0.0017009929 0.0015258783 0.0013519966
[17,] 0.0018729382 0.0017221230 0.0015640233 0.0014030094 0.0012431294
[18,] 0.0017009929 0.0015640233 0.0014204379 0.0012742060 0.0011290037
[19,] 0.0015258783 0.0014030094 0.0012742060 0.0011430284 0.0010127745
[20,] 0.0013519966 0.0012431294 0.0011290037 0.0010127745 0.0000000000
[21,] 0.0011832314 0.0010879536 0.0009880739 0.0008863532 0.0007853488
[22,] 0.0010228268 0.0009404654 0.0008541258 0.0007661949 0.0006788831
[23,] 0.0008733189 0.0008029963 0.0007292771 0.0006541992 0.0005796498
[24,] 0.0007365156 0.0006772089 0.0006150376 0.0005517204 0.0004888491
[25,] 0.0006135209 0.0005641181 0.0005123292 0.0004595857 0.0004072136
[26,] 0.0005047951 0.0004641473 0.0004215362 0.0003781397 0.0003350488
[27,] 0.0004102412 0.0003772072 0.0003425776 0.0003073098 0.0002722903
[28,] 0.0003293075 0.0003027906 0.0002749929 0.0002466828 0.0002185720
[29,] 0.0002610974 0.0002400729 0.0002180330 0.0001955868 0.0001732987
[30,] 0.0002044756 0.0001880106 0.0001707503 0.0001531718 0.0001357171
             [,21]        [,22]        [,23]        [,24]        [,25]
 [1,] 0.0009474576 0.0008190157 0.0006992991 5.897556e-04 4.912691e-04
 [2,] 0.0000000000 0.0009062705 0.0007737997 6.525859e-04 5.436071e-04
 [3,] 0.0000000000 0.0000000000 0.0008457315 7.132497e-04 5.941403e-04
 [4,] 0.0000000000 0.0000000000 0.0009130085 7.699879e-04 6.414035e-04
 [5,] 0.0000000000 0.0000000000 0.0009735437 8.210404e-04 6.839305e-04
 [6,] 0.0000000000 0.0012008912 0.0010253554 8.647359e-04 7.203291e-04
 [7,] 0.0014452021 0.0012492835 0.0010666741 8.995821e-04 7.493561e-04
 [8,] 0.0014849924 0.0012836796 0.0010960425 9.243501e-04 7.699879e-04
 [9,] 0.0015071561 0.0013028386 0.0011124010 9.381461e-04 7.814801e-04
[10,] 0.0015108820 0.0013060595 0.0011151511 9.404654e-04 0.000000e+00
[11,] 0.0014960332 0.0012932236 0.0011041915 0.000000e+00 0.000000e+00
[12,] 0.0014631547 0.0012648023 0.0010799245 9.107569e-04 0.000000e+00
[13,] 0.0014134407 0.0012218278 0.0010432316 8.798119e-04 0.000000e+00
[14,] 0.0013486625 0.0011658312 0.0009954202 8.394900e-04 6.992991e-04
[15,] 0.0012710637 0.0010987521 0.0009381461 7.911878e-04 6.590631e-04
[16,] 0.0011832314 0.0010228268 0.0008733189 7.365156e-04 6.135209e-04
[17,] 0.0010879536 0.0009404654 0.0008029963 6.772089e-04 5.641181e-04
[18,] 0.0009880739 0.0008541258 0.0007292771 6.150376e-04 5.123292e-04
[19,] 0.0008863532 0.0007661949 0.0006541992 5.517204e-04 4.595857e-04
[20,] 0.0007853488 0.0006788831 0.0005796498 4.888491e-04 4.072136e-04
[21,] 0.0006873163 0.0005941403 0.0005072941 4.278277e-04 3.563824e-04
[22,] 0.0005941403 0.0005135958 0.0004385228 3.698293e-04 3.080695e-04
[23,] 0.0005072941 0.0004385228 0.0003744234 3.157708e-04 2.630386e-04
[24,] 0.0004278277 0.0003698293 0.0003157708 0.000000e+00 0.000000e+00
[25,] 0.0003563824 0.0003080695 0.0002630386 0.000000e+00 0.000000e+00
[26,] 0.0002932257 0.0002534746 0.0002164239 0.000000e+00 0.000000e+00
[27,] 0.0002383012 0.0002059959 0.0001758852 0.000000e+00 0.000000e+00
[28,] 0.0001912884 0.0001653564 0.0001411860 0.000000e+00 0.000000e+00
[29,] 0.0001516664 0.0001311058 0.0001119419 0.000000e+00 0.000000e+00
[30,] 0.0001187760 0.0001026741 0.0000876661 7.393342e-05 6.158688e-05
             [,26]        [,27]        [,28]        [,29]        [,30]
 [1,] 4.042083e-04 3.284954e-04 2.636889e-04 2.090704e-04 1.637313e-04
 [2,] 4.472711e-04 3.634921e-04 2.917813e-04 2.313440e-04 1.811746e-04
 [3,] 4.888491e-04 3.972820e-04 3.189050e-04 2.528495e-04 1.980165e-04
 [4,] 5.277365e-04 4.288853e-04 3.442735e-04 2.729634e-04 2.137684e-04
 [5,] 5.627270e-04 4.573217e-04 3.670999e-04 2.910617e-04 2.279419e-04
 [6,] 5.926751e-04 4.816603e-04 3.866369e-04 3.065519e-04 2.400729e-04
 [7,] 6.165581e-04 5.010697e-04 4.022171e-04 3.189050e-04 2.497471e-04
 [8,] 6.335336e-04 5.148655e-04 4.132913e-04 3.276853e-04 2.566233e-04
 [9,] 0.000000e+00 0.000000e+00 0.000000e+00 3.325761e-04 2.604535e-04
[10,] 0.000000e+00 0.000000e+00 0.000000e+00 0.000000e+00 2.610974e-04
[11,] 0.000000e+00 0.000000e+00 0.000000e+00 0.000000e+00 2.585313e-04
[12,] 0.000000e+00 0.000000e+00 0.000000e+00 0.000000e+00 2.528495e-04
[13,] 0.000000e+00 0.000000e+00 0.000000e+00 3.118964e-04 2.442584e-04
[14,] 5.753720e-04 4.675982e-04 3.753490e-04 2.976022e-04 2.330640e-04
[15,] 5.422665e-04 4.406937e-04 3.537523e-04 2.804788e-04 2.196541e-04
[16,] 5.047951e-04 4.102412e-04 3.293075e-04 2.610974e-04 2.044756e-04
[17,] 4.641473e-04 3.772072e-04 3.027906e-04 2.400729e-04 1.880106e-04
[18,] 4.215362e-04 3.425776e-04 2.749929e-04 2.180330e-04 1.707503e-04
[19,] 3.781397e-04 3.073098e-04 2.466828e-04 1.955868e-04 1.531718e-04
[20,] 3.350488e-04 2.722903e-04 2.185720e-04 1.732987e-04 1.357171e-04
[21,] 2.932257e-04 2.383012e-04 1.912884e-04 1.516664e-04 1.187760e-04
[22,] 2.534746e-04 2.059959e-04 1.653564e-04 1.311058e-04 1.026741e-04
[23,] 2.164239e-04 1.758852e-04 1.411860e-04 1.119419e-04 8.766610e-05
[24,] 0.000000e+00 0.000000e+00 0.000000e+00 0.000000e+00 7.393342e-05
[25,] 0.000000e+00 0.000000e+00 0.000000e+00 0.000000e+00 6.158688e-05
[26,] 0.000000e+00 0.000000e+00 0.000000e+00 0.000000e+00 5.067269e-05
[27,] 0.000000e+00 0.000000e+00 0.000000e+00 0.000000e+00 4.118111e-05
[28,] 0.000000e+00 0.000000e+00 0.000000e+00 0.000000e+00 3.305678e-05
[29,] 0.000000e+00 0.000000e+00 0.000000e+00 0.000000e+00 2.620966e-05
[30,] 5.067269e-05 4.118111e-05 3.305678e-05 2.620966e-05 2.052582e-05

$goodnessGrid
             [,1]        [,2]        [,3]        [,4]        [,5]        [,6]
 [1,] 0.006360216 0.004566653 0.005708007 0.006541069 0.007970743 0.008162922
 [2,] 0.004566653 0.000000000 0.000000000 0.000000000 0.000000000 0.000000000
 [3,] 0.005708007 0.000000000 0.000000000 0.000000000 0.000000000 0.000000000
 [4,] 0.006541069 0.000000000 0.000000000 0.000000000 0.000000000 0.000000000
 [5,] 0.007970743 0.000000000 0.000000000 0.000000000 0.000000000 0.000000000
 [6,] 0.008162922 0.000000000 0.000000000 0.000000000 0.000000000 0.000000000
 [7,] 0.011352773 0.000000000 0.000000000 0.000000000 0.000000000 0.000000000
 [8,] 0.016983563 0.020979213 0.026757505 0.030840499 0.035257699 0.037517089
 [9,] 0.026065576 0.030999187 0.037881594 0.043714502 0.047186092 0.048413654
[10,] 0.029998094 0.038770115 0.047559801 0.053151242 0.055588882 0.056387966
[11,] 0.031322530 0.040670480 0.050311748 0.056771456 0.059530598 0.059486069
[12,] 0.031089968 0.041211179 0.049717869 0.055711904 0.059161551 0.059998779
[13,] 0.029653816 0.040144642 0.046894446 0.051413157 0.055907093 0.059823530
[14,] 0.027097342 0.037905913 0.045498968 0.050584543 0.055534764 0.059827028
[15,] 0.024588274 0.033916276 0.041798478 0.047509598 0.052309419 0.055621509
[16,] 0.021816712 0.028597227 0.034345350 0.039103853 0.043340214 0.047815637
[17,] 0.016548063 0.020237195 0.025727487 0.030012866 0.031428004 0.036396953
[18,] 0.009309419 0.000000000 0.000000000 0.000000000 0.000000000 0.000000000
[19,] 0.008224464 0.000000000 0.000000000 0.000000000 0.000000000 0.000000000
[20,] 0.006203033 0.000000000 0.000000000 0.000000000 0.000000000 0.000000000
[21,] 0.005219494 0.000000000 0.000000000 0.000000000 0.000000000 0.000000000
[22,] 0.004589334 0.000000000 0.000000000 0.000000000 0.000000000 0.000000000
[23,] 0.006535534 0.006855836 0.008521521 0.009320665 0.010639579 0.012262416
[24,] 0.007402903 0.008606290 0.009370109 0.010642071 0.011356743 0.012097847
[25,] 0.006790777 0.008393019 0.010366226 0.011668716 0.012056655 0.011843525
[26,] 0.005945734 0.007782813 0.009613072 0.011266771 0.011615371 0.011146373
[27,] 0.004936411 0.006721994 0.008569670 0.010057725 0.010184329 0.009521258
[28,] 0.003892655 0.005357973 0.006893131 0.007796709 0.008101714 0.007669153
[29,] 0.002806369 0.003824189 0.004912175 0.005567660 0.005876191 0.005705172
[30,] 0.001338965 0.002423895 0.003082768 0.003469195 0.003740225 0.003836805
             [,7]        [,8]        [,9]       [,10]       [,11]       [,12]
 [1,] 0.011352773 0.017753046 0.024670421 0.028575333 0.030225182 0.030476727
 [2,] 0.000000000 0.023472331 0.031121173 0.038306206 0.040104784 0.040612554
 [3,] 0.000000000 0.029366992 0.038517027 0.047470122 0.050026953 0.049135619
 [4,] 0.000000000 0.033204015 0.044465392 0.053274025 0.056713592 0.055314110
 [5,] 0.000000000 0.037010018 0.047991204 0.055967116 0.059557073 0.058921406
 [6,] 0.000000000 0.038461785 0.049388198 0.057261359 0.060019325 0.060073275
 [7,] 0.000000000 0.046364705 0.052772490 0.055051027 0.057289724 0.058643005
 [8,] 0.046364705 0.052889153 0.055428441 0.054611304 0.054991483 0.059251933
 [9,] 0.051898971 0.054185117 0.054105805 0.053298418 0.054064954 0.060442853
[10,] 0.052802622 0.053027776 0.052981896 0.000000000 0.000000000 0.000000000
[11,] 0.055358805 0.052313123 0.049557225 0.000000000 0.000000000 0.000000000
[12,] 0.057411134 0.056107011 0.055670587 0.000000000 0.000000000 0.000000000
[13,] 0.061973617 0.061885930 0.059623356 0.054796605 0.058359386 0.058966549
[14,] 0.062883620 0.062855147 0.061391661 0.058932254 0.056604460 0.058865073
[15,] 0.058437773 0.060326039 0.060853538 0.060005838 0.058868035 0.059511439
[16,] 0.051849500 0.055728951 0.057857495 0.058943651 0.059057486 0.058355565
[17,] 0.043062946 0.048668532 0.052619325 0.054786779 0.055308913 0.054523720
[18,] 0.032944036 0.041138492 0.045900504 0.048775386 0.049938987 0.049675417
[19,] 0.000000000 0.034388727 0.039066141 0.042697911 0.044495491 0.044209944
[20,] 0.000000000 0.029519190 0.034850113 0.037687314 0.039407378 0.039050651
[21,] 0.000000000 0.025567276 0.029336510 0.032412600 0.033775302 0.033472414
[22,] 0.016173819 0.022548332 0.025252789 0.027033397 0.027412235 0.027817425
[23,] 0.015648775 0.018840349 0.019939636 0.020145768 0.021414443 0.021564224
[24,] 0.012638803 0.013943497 0.013161470 0.000000000 0.000000000 0.000000000
[25,] 0.011512352 0.011014075 0.000000000 0.000000000 0.000000000 0.000000000
[26,] 0.009873714 0.009293461 0.000000000 0.000000000 0.000000000 0.000000000
[27,] 0.008119729 0.006995852 0.000000000 0.000000000 0.000000000 0.000000000
[28,] 0.006531845 0.005351690 0.000000000 0.000000000 0.000000000 0.000000000
[29,] 0.005200080 0.003798007 0.000000000 0.000000000 0.000000000 0.000000000
[30,] 0.003806789 0.002843974 0.001501775 0.001584435 0.001421764 0.001469723
            [,13]       [,14]       [,15]       [,16]       [,17]       [,18]
 [1,] 0.029432381 0.027097342 0.024588274 0.021816712 0.016548063 0.009309419
 [2,] 0.039692449 0.037816208 0.033916276 0.028597227 0.020237195 0.000000000
 [3,] 0.046159275 0.045155872 0.041563651 0.034345350 0.025727487 0.000000000
 [4,] 0.050713736 0.050175419 0.047191839 0.038637099 0.030012866 0.000000000
 [5,] 0.055625318 0.055257204 0.051913358 0.042721038 0.031428004 0.000000000
 [6,] 0.059823530 0.059806494 0.055384337 0.046699451 0.036396953 0.000000000
 [7,] 0.062294174 0.062467131 0.057730250 0.051095815 0.040574962 0.030769610
 [8,] 0.064177542 0.063437674 0.060328912 0.055503594 0.047730011 0.038343748
 [9,] 0.062718751 0.062802723 0.061260644 0.058015948 0.052753415 0.045292493
[10,] 0.057922655 0.060390059 0.060663616 0.059287080 0.055028628 0.048799072
[11,] 0.060439876 0.057980479 0.059449466 0.059329935 0.055566604 0.050167006
[12,] 0.058966549 0.059961799 0.059976773 0.058510829 0.054662606 0.049866332
[13,] 0.060217231 0.060525711 0.059797271 0.056965188 0.053089552 0.048608273
[14,] 0.060525711 0.059816676 0.058331810 0.054852278 0.050749850 0.046356117
[15,] 0.059473662 0.058331810 0.055595633 0.051884309 0.047914723 0.043673008
[16,] 0.056857827 0.054796902 0.051884309 0.048515057 0.044698303 0.040527548
[17,] 0.053049716 0.050728732 0.047894447 0.044698303 0.041057341 0.036646388
[18,] 0.048570633 0.046339817 0.043640919 0.040438953 0.036646388 0.032231649
[19,] 0.043380931 0.041654863 0.039201212 0.035820532 0.031713192 0.027375454
[20,] 0.038192356 0.036793974 0.034640174 0.031293871 0.027834952 0.023553650
[21,] 0.032991815 0.031963651 0.030149525 0.027539203 0.024008008 0.020405247
[22,] 0.027845395 0.026900583 0.025811191 0.024100871 0.021420877 0.017855847
[23,] 0.021549803 0.021682851 0.021377543 0.020542050 0.018657221 0.015424908
[24,] 0.014723893 0.016000566 0.016791448 0.017005571 0.016006512 0.013510716
[25,] 0.000000000 0.011643348 0.013547124 0.013861346 0.013287790 0.011144270
[26,] 0.000000000 0.008629824 0.010454782 0.011304121 0.010704951 0.009071495
[27,] 0.000000000 0.006587811 0.008060812 0.009008541 0.008561532 0.007396051
[28,] 0.000000000 0.005059050 0.006352646 0.007044884 0.006976625 0.006142874
[29,] 0.000000000 0.003627276 0.004776130 0.005245076 0.005275580 0.004871153
[30,] 0.001895879 0.002841393 0.003505577 0.003565740 0.003463989 0.003278309
            [,19]       [,20]       [,21]       [,22]       [,23]        [,24]
 [1,] 0.008224464 0.006203033 0.005219494 0.005206588 0.006413503 0.0070071674
 [2,] 0.000000000 0.000000000 0.000000000 0.000000000 0.007238696 0.0086387800
 [3,] 0.000000000 0.000000000 0.000000000 0.000000000 0.009053433 0.0095929432
 [4,] 0.000000000 0.000000000 0.000000000 0.000000000 0.009858240 0.0109081545
 [5,] 0.000000000 0.000000000 0.000000000 0.000000000 0.011114471 0.0116610392
 [6,] 0.000000000 0.000000000 0.000000000 0.000000000 0.012572223 0.0123936427
 [7,] 0.000000000 0.000000000 0.000000000 0.016173819 0.015715287 0.0130648725
 [8,] 0.032088382 0.029101097 0.025413667 0.022548332 0.018840349 0.0140202492
 [9,] 0.037918960 0.033500438 0.028989327 0.025252789 0.019939636 0.0131614704
[10,] 0.042376919 0.037252672 0.031641105 0.026717423 0.019992159 0.0000000000
[11,] 0.044527110 0.039299370 0.033516580 0.026632893 0.021048731 0.0000000000
[12,] 0.044403984 0.039097311 0.033345779 0.027273767 0.020317854 0.0000000000
[13,] 0.043563915 0.038382100 0.033070869 0.027610909 0.020372927 0.0132801487
[14,] 0.041758020 0.036994778 0.032159041 0.027007118 0.021216793 0.0148518947
[15,] 0.039242941 0.034768457 0.030333112 0.025933786 0.021346505 0.0164825480
[16,] 0.035950524 0.031448012 0.027734923 0.024248515 0.020584031 0.0168497351
[17,] 0.032011720 0.028184836 0.024399683 0.021768143 0.018787356 0.0159465038
[18,] 0.027375454 0.024123065 0.021214805 0.018686150 0.016047742 0.0135728016
[19,] 0.000000000 0.000000000 0.000000000 0.014511639 0.012519554 0.0107163111
[20,] 0.000000000 0.000000000 0.000000000 0.011563055 0.010068526 0.0091031285
[21,] 0.000000000 0.000000000 0.000000000 0.010264974 0.009118126 0.0079431136
[22,] 0.013133418 0.010394665 0.010222349 0.009897059 0.008593492 0.0068879259
[23,] 0.011709448 0.009491088 0.008800948 0.008296577 0.007105741 0.0059561290
[24,] 0.010465226 0.008744328 0.007568089 0.006714294 0.005956129 0.0000000000
[25,] 0.009539444 0.008449709 0.007252983 0.005980021 0.004710213 0.0000000000
[26,] 0.008419043 0.007682050 0.006599434 0.005107603 0.003695593 0.0000000000
[27,] 0.007062348 0.006568235 0.005577701 0.004145926 0.002801832 0.0000000000
[28,] 0.005683038 0.005196679 0.004407389 0.003267915 0.002098627 0.0000000000
[29,] 0.004395990 0.003850429 0.003221892 0.002482754 0.001436685 0.0000000000
[30,] 0.003009730 0.002678030 0.002278979 0.001765372 0.000940182 0.0005375869
             [,25]        [,26]        [,27]        [,28]        [,29]
 [1,] 0.0067907767 0.0059457345 0.0049364111 0.0038926548 0.0028063692
 [2,] 0.0083930192 0.0077828132 0.0067219939 0.0053579733 0.0038241889
 [3,] 0.0103662264 0.0096130723 0.0085696698 0.0068931312 0.0049121752
 [4,] 0.0116687159 0.0112667706 0.0100577251 0.0077967086 0.0055676602
 [5,] 0.0120566547 0.0116153706 0.0101843292 0.0081017143 0.0058761915
 [6,] 0.0118435245 0.0111463730 0.0095212585 0.0076691525 0.0057051720
 [7,] 0.0118830850 0.0102154549 0.0083744091 0.0067148263 0.0052240323
 [8,] 0.0113329103 0.0097428860 0.0074525471 0.0057513915 0.0040546002
 [9,] 0.0000000000 0.0000000000 0.0000000000 0.0000000000 0.0000000000
[10,] 0.0000000000 0.0000000000 0.0000000000 0.0000000000 0.0000000000
[11,] 0.0000000000 0.0000000000 0.0000000000 0.0000000000 0.0000000000
[12,] 0.0000000000 0.0000000000 0.0000000000 0.0000000000 0.0000000000
[13,] 0.0000000000 0.0000000000 0.0000000000 0.0000000000 0.0000000000
[14,] 0.0116433476 0.0086298238 0.0065878105 0.0050590496 0.0036272764
[15,] 0.0130323398 0.0102578789 0.0079321851 0.0063526455 0.0047761300
[16,] 0.0137497933 0.0111399066 0.0089074907 0.0069801706 0.0052450759
[17,] 0.0132797298 0.0106177100 0.0084470465 0.0068918154 0.0052520337
[18,] 0.0111442699 0.0089956807 0.0072339101 0.0059947444 0.0047975939
[19,] 0.0095621248 0.0083549913 0.0069782484 0.0055824054 0.0043169720
[20,] 0.0085836999 0.0076882622 0.0065533574 0.0051578984 0.0037892726
[21,] 0.0074310491 0.0066656566 0.0055937910 0.0043983197 0.0031805372
[22,] 0.0061427355 0.0052127727 0.0042262015 0.0033260854 0.0024929007
[23,] 0.0048311975 0.0038860703 0.0030342430 0.0023298985 0.0016339432
[24,] 0.0000000000 0.0000000000 0.0000000000 0.0000000000 0.0000000000
[25,] 0.0000000000 0.0000000000 0.0000000000 0.0000000000 0.0000000000
[26,] 0.0000000000 0.0000000000 0.0000000000 0.0000000000 0.0000000000
[27,] 0.0000000000 0.0000000000 0.0000000000 0.0000000000 0.0000000000
[28,] 0.0000000000 0.0000000000 0.0000000000 0.0000000000 0.0000000000
[29,] 0.0000000000 0.0000000000 0.0000000000 0.0000000000 0.0000000000
[30,] 0.0003644871 0.0002622038 0.0001775787 0.0001392416 0.0001025925
             [,30]
 [1,] 0.0013389654
 [2,] 0.0024238950
 [3,] 0.0030827682
 [4,] 0.0034691954
 [5,] 0.0037402253
 [6,] 0.0038368051
 [7,] 0.0035422012
 [8,] 0.0027740931
 [9,] 0.0017911227
[10,] 0.0015844354
[11,] 0.0014217639
[12,] 0.0014697233
[13,] 0.0018958794
[14,] 0.0028413934
[15,] 0.0035055775
[16,] 0.0035657399
[17,] 0.0034639891
[18,] 0.0032512121
[19,] 0.0029465523
[20,] 0.0025741089
[21,] 0.0021569797
[22,] 0.0016566341
[23,] 0.0009955208
[24,] 0.0005375869
[25,] 0.0003644871
[26,] 0.0002622038
[27,] 0.0001775787
[28,] 0.0001392416
[29,] 0.0001025925
[30,] 0.0001364851

$sensors
$sensors[[1]]
$sensors[[1]]$c
[1] 13

$sensors[[1]]$r
[1] 8


$sensors[[2]]
$sensors[[2]]$c
[1] 7

$sensors[[2]]$r
[1] 14


$sensors[[3]]
$sensors[[3]]$c
[1] 13

$sensors[[3]]$r
[1] 14


$sensors[[4]]
$sensors[[4]]$c
[1] 8

$sensors[[4]]$r
[1] 9



$stats
$stats$sensorMatNotSorted
     [,1] [,2]
[1,]   13    8
[2,]    7   14
[3,]   13   14
[4,]    8    9

$stats$sensorMat
     [,1] [,2]
[1,]   13    8
[2,]    7   14
[3,]   13   14
[4,]    8    9

$stats$uniqRRs
[1] 0.0671703 0.1327748 0.1911419 0.2379362

$stats$coverageGrid
              [,1]        [,2]       [,3]      [,4]      [,5]      [,6]
 [1,] 0.000000e+00 0.000000000 0.00000000 0.0000000 0.0000000 0.0000000
 [2,] 0.000000e+00 0.000000000 0.00000000 0.0000000 0.0000000 0.0000000
 [3,] 0.000000e+00 0.000000000 0.00000000 0.0000000 0.0000000 0.0000000
 [4,] 0.000000e+00 0.000000000 0.00000000 0.0000000 0.0000000 0.0000000
 [5,] 0.000000e+00 0.000000000 0.00000000 0.0000000 0.0000000 0.0000000
 [6,] 0.000000e+00 0.000000000 0.00000000 0.0000000 0.0000000 0.0000000
 [7,] 0.000000e+00 0.000000000 0.00000000 0.0000000 0.0000000 0.0000000
 [8,] 1.864570e-04 0.004577727 0.02866927 0.1192957 0.3040681 0.5460786
 [9,] 6.902571e-04 0.016038452 0.05712518 0.1606665 0.3542337 0.6262457
[10,] 2.014150e-03 0.019368083 0.06521889 0.1501117 0.2826941 0.4814428
[11,] 4.632564e-03 0.024506196 0.07666407 0.1939064 0.3553426 0.4085591
[12,] 8.398461e-03 0.030064469 0.10631580 0.2102629 0.3930417 0.5115463
[13,] 1.200126e-02 0.046352889 0.11325897 0.2157623 0.4028718 0.7236107
[14,] 1.351769e-02 0.050697710 0.14820325 0.3408020 0.6152231 0.8741023
[15,] 1.200126e-02 0.044606397 0.13024103 0.2995874 0.5426932 0.7743688
[16,] 8.157282e-03 0.031090806 0.08997493 0.2086616 0.3782865 0.5405648
[17,] 3.049617e-03 0.017149588 0.05004199 0.1017967 0.2086616 0.2981738
[18,] 3.371751e-04 0.007456312 0.00000000 0.0000000 0.0000000 0.0000000
[19,] 2.197157e-08 0.000000000 0.00000000 0.0000000 0.0000000 0.0000000
[20,] 5.935110e-09 0.000000000 0.00000000 0.0000000 0.0000000 0.0000000
[21,] 0.000000e+00 0.000000000 0.00000000 0.0000000 0.0000000 0.0000000
[22,] 0.000000e+00 0.000000000 0.00000000 0.0000000 0.0000000 0.0000000
[23,] 0.000000e+00 0.000000000 0.00000000 0.0000000 0.0000000 0.0000000
[24,] 0.000000e+00 0.000000000 0.00000000 0.0000000 0.0000000 0.0000000
[25,] 0.000000e+00 0.000000000 0.00000000 0.0000000 0.0000000 0.0000000
[26,] 0.000000e+00 0.000000000 0.00000000 0.0000000 0.0000000 0.0000000
[27,] 0.000000e+00 0.000000000 0.00000000 0.0000000 0.0000000 0.0000000
[28,] 0.000000e+00 0.000000000 0.00000000 0.0000000 0.0000000 0.0000000
[29,] 0.000000e+00 0.000000000 0.00000000 0.0000000 0.0000000 0.0000000
[30,] 0.000000e+00 0.000000000 0.00000000 0.0000000 0.0000000 0.0000000
            [,7]        [,8]        [,9]       [,10]       [,11]      [,12]
 [1,] 0.00000000 0.000000000 0.000000000 0.000000000 0.000000000 0.00000000
 [2,] 0.00000000 0.000487358 0.002014150 0.004632564 0.008398461 0.01200126
 [3,] 0.00000000 0.011462272 0.009918770 0.019241223 0.031271363 0.04575995
 [4,] 0.00000000 0.053234661 0.030993115 0.056754884 0.098263743 0.11956435
 [5,] 0.00000000 0.160666461 0.076495814 0.153051138 0.221938508 0.23411932
 [6,] 0.00000000 0.356498806 0.174454627 0.251927581 0.393099286 0.45319722
 [7,] 0.00000000 0.626245691 0.356969364 0.284770186 0.366015013 0.77516879
 [8,] 0.77856790 0.878046148 0.583490900 0.546420949 0.646172635 0.87386342
 [9,] 0.87684557 0.981176205 0.884047117 0.727365933 0.670393733 0.78884279
[10,] 0.59319183 0.887052136 0.787087879 0.654628799 0.563693587 0.54058341
[11,] 0.62359126 0.725493854 0.550457572 0.115408907 0.000000000 0.50745333
[12,] 0.68168157 0.697202199 0.572424916 0.461646384 0.434718813 0.54057624
[13,] 0.88447939 0.802590243 0.617670759 0.507443373 0.590200702 0.77704177
[14,] 0.98110307 0.882186027 0.672302498 0.558905199 0.664507955 0.87577286
[15,] 0.87316255 0.785035578 0.595621197 0.428141876 0.498827319 0.77977505
[16,] 0.61215331 0.554849035 0.431682117 0.367220477 0.431988985 0.55438979
[17,] 0.33892656 0.248205150 0.219579505 0.203223700 0.242216642 0.29874795
[18,] 0.14774112 0.108813909 0.083805123 0.080742171 0.098654632 0.12270353
[19,] 0.05069771 0.037353534 0.026503833 0.024991494 0.031452791 0.04038163
[20,] 0.00000000 0.009724822 0.006864576 0.006649167 0.008598579 0.01127769
[21,] 0.00000000 0.000000000 0.000000000 0.000000000 0.000000000 0.00000000
[22,] 0.00000000 0.000000000 0.000000000 0.000000000 0.000000000 0.00000000
[23,] 0.00000000 0.000000000 0.000000000 0.000000000 0.000000000 0.00000000
[24,] 0.00000000 0.000000000 0.000000000 0.000000000 0.000000000 0.00000000
[25,] 0.00000000 0.000000000 0.000000000 0.000000000 0.000000000 0.00000000
[26,] 0.00000000 0.000000000 0.000000000 0.000000000 0.000000000 0.00000000
[27,] 0.00000000 0.000000000 0.000000000 0.000000000 0.000000000 0.00000000
[28,] 0.00000000 0.000000000 0.000000000 0.000000000 0.000000000 0.00000000
[29,] 0.00000000 0.000000000 0.000000000 0.000000000 0.000000000 0.00000000
[30,] 0.00000000 0.000000000 0.000000000 0.000000000 0.000000000 0.00000000
           [,13]      [,14]       [,15]       [,16]       [,17]        [,18]
 [1,] 0.00000000 0.00000000 0.000000000 0.000000000 0.000000000 0.000000e+00
 [2,] 0.01351769 0.01200126 0.008398461 0.004621926 0.001293037 8.730401e-08
 [3,] 0.05067391 0.04460640 0.031090806 0.017149588 0.007456312 0.000000e+00
 [4,] 0.14646525 0.12981733 0.090722060 0.050041995 0.021370875 0.000000e+00
 [5,] 0.33695376 0.29862240 0.208661591 0.115097058 0.050041995 0.000000e+00
 [6,] 0.61068053 0.54133424 0.378286469 0.208661591 0.090722060 0.000000e+00
 [7,] 0.87151686 0.71853529 0.540564826 0.298173807 0.129640256 4.442822e-02
 [8,] 0.98019450 0.87058321 0.610464421 0.338926561 0.147741116 5.069771e-02
 [9,] 0.87473730 0.77675114 0.525176766 0.307334387 0.131103298 4.217291e-02
[10,] 0.65566389 0.47801916 0.428043305 0.248261743 0.102423498 3.084196e-02
[11,] 0.51336778 0.27705592 0.271997251 0.216946783 0.092241876 2.718001e-02
[12,] 0.63141217 0.37748835 0.407607906 0.227061236 0.107434373 3.344792e-02
[13,] 0.87094135 0.77308150 0.547098349 0.303193082 0.131883243 4.530781e-02
[14,] 0.98020585 0.87006249 0.610163553 0.336975217 0.146572462 5.021694e-02
[15,] 0.87111703 0.77245779 0.540564826 0.298173807 0.129640256 4.442822e-02
[16,] 0.61211323 0.54056483 0.378286469 0.208661591 0.090722060 3.109081e-02
[17,] 0.33870385 0.29817381 0.208661591 0.115097058 0.050041995 1.714959e-02
[18,] 0.14747616 0.12964026 0.090722060 0.050041995 0.021757300 7.456312e-03
[19,] 0.05055646 0.04442822 0.031090806 0.017149588 0.007456312 2.555307e-03
[20,] 0.01366005 0.01200126 0.008398461 0.004632564 0.002014150 6.902571e-04
[21,] 0.00000000 0.00000000 0.000000000 0.000000000 0.000000000 0.000000e+00
[22,] 0.00000000 0.00000000 0.000000000 0.000000000 0.000000000 0.000000e+00
[23,] 0.00000000 0.00000000 0.000000000 0.000000000 0.000000000 0.000000e+00
[24,] 0.00000000 0.00000000 0.000000000 0.000000000 0.000000000 0.000000e+00
[25,] 0.00000000 0.00000000 0.000000000 0.000000000 0.000000000 0.000000e+00
[26,] 0.00000000 0.00000000 0.000000000 0.000000000 0.000000000 0.000000e+00
[27,] 0.00000000 0.00000000 0.000000000 0.000000000 0.000000000 0.000000e+00
[28,] 0.00000000 0.00000000 0.000000000 0.000000000 0.000000000 0.000000e+00
[29,] 0.00000000 0.00000000 0.000000000 0.000000000 0.000000000 0.000000e+00
[30,] 0.00000000 0.00000000 0.000000000 0.000000000 0.000000000 0.000000e+00
             [,19] [,20] [,21] [,22] [,23] [,24] [,25] [,26] [,27] [,28] [,29]
 [1,] 0.0000000000     0     0     0     0     0     0     0     0     0     0
 [2,] 0.0000000000     0     0     0     0     0     0     0     0     0     0
 [3,] 0.0000000000     0     0     0     0     0     0     0     0     0     0
 [4,] 0.0000000000     0     0     0     0     0     0     0     0     0     0
 [5,] 0.0000000000     0     0     0     0     0     0     0     0     0     0
 [6,] 0.0000000000     0     0     0     0     0     0     0     0     0     0
 [7,] 0.0120012563     0     0     0     0     0     0     0     0     0     0
 [8,] 0.0137016230     0     0     0     0     0     0     0     0     0     0
 [9,] 0.0107435379     0     0     0     0     0     0     0     0     0     0
[10,] 0.0074295389     0     0     0     0     0     0     0     0     0     0
[11,] 0.0065325819     0     0     0     0     0     0     0     0     0     0
[12,] 0.0083392780     0     0     0     0     0     0     0     0     0     0
[13,] 0.0119473715     0     0     0     0     0     0     0     0     0     0
[14,] 0.0137016230     0     0     0     0     0     0     0     0     0     0
[15,] 0.0120012563     0     0     0     0     0     0     0     0     0     0
[16,] 0.0083984615     0     0     0     0     0     0     0     0     0     0
[17,] 0.0046325641     0     0     0     0     0     0     0     0     0     0
[18,] 0.0020141501     0     0     0     0     0     0     0     0     0     0
[19,] 0.0006902571     0     0     0     0     0     0     0     0     0     0
[20,] 0.0001864570     0     0     0     0     0     0     0     0     0     0
[21,] 0.0000000000     0     0     0     0     0     0     0     0     0     0
[22,] 0.0000000000     0     0     0     0     0     0     0     0     0     0
[23,] 0.0000000000     0     0     0     0     0     0     0     0     0     0
[24,] 0.0000000000     0     0     0     0     0     0     0     0     0     0
[25,] 0.0000000000     0     0     0     0     0     0     0     0     0     0
[26,] 0.0000000000     0     0     0     0     0     0     0     0     0     0
[27,] 0.0000000000     0     0     0     0     0     0     0     0     0     0
[28,] 0.0000000000     0     0     0     0     0     0     0     0     0     0
[29,] 0.0000000000     0     0     0     0     0     0     0     0     0     0
[30,] 0.0000000000     0     0     0     0     0     0     0     0     0     0
      [,30]
 [1,]     0
 [2,]     0
 [3,]     0
 [4,]     0
 [5,]     0
 [6,]     0
 [7,]     0
 [8,]     0
 [9,]     0
[10,]     0
[11,]     0
[12,]     0
[13,]     0
[14,]     0
[15,]     0
[16,]     0
[17,]     0
[18,]     0
[19,]     0
[20,]     0
[21,]     0
[22,]     0
[23,]     0
[24,]     0
[25,]     0
[26,]     0
[27,]     0
[28,]     0
[29,]     0
[30,]     0

$stats$delta
[1] 0.6373774

$stats$absRecoveryRate
[1] 0.253453

$stats$uniqRecoveryRate
[1] 0.2379362


$inter
NULL

$filenames
$filenames$topographyGrid
[1] "img/0-TopographyGrid.png"

$filenames$behaviorGrid
[1] "img/0-BehaviorGrid.png"

$filenames$goodnessGrid
[1] "img/0-GoodnessGrid.png"

$filenames$coverageGrid
[1] "img/0-CoverageGrid.png"

$filenames$recoveryRates
[1] "img/0-RecoveryRates.png"

$filenames$txt
[1] "txt/0-Results.txt"

$filenames$jsonFile
[1] "txt/0-Results.json"

$filenames$rdataFile
[1] "txt/0-Results.RData"

$filenames$shortresFile
[1] "txt/0-shortResults.txt"

$filenames$zip
[1] "zip/0.zip"


$params
$params$timestamp
[1] 0

$params$numSensors
[1] 4

$params$bias
[1] 3

$params$sensorElevation
[1] 1

$params$shapeFcn
[1] "shape.gauss"

$params$peak
[1] 0.98

$params$detectionRange
[1] 20

$params$cellSize
[1] 5

$params$startX
[1] 290

$params$XDist
[1] 30

$params$startY
[1] 1125

$params$YDist
[1] 30

$params$suppressionRangeFactor
[1] 1

$params$suppressionFcn
[1] "detection.function"

$params$fishmodel
[1] "ou"

$params$mux
[1] 0.3

$params$muy
[1] 0.3

$params$ousdx
[1] 45

$params$ousdy
[1] 45

$params$oucor
[1] 0

$params$projectedSensors
[1] 0

$params$inputFile
[1] "src/himbsyn.bathytopo.1km.v19.grd/himbsyn.bathytopo.1km.v19.grd"

$params$inputFileType
[1] "ncdf"

$params$seriesName
[1] "z"

$params$maxsuppressionValue
[1] 0.5

$params$minsuppressionValue
[1] 0.1

$params$sd
[1] 2.049907

$params$suppsd
[1] 2.049907

$params$range
[1] 6

$params$suppressionRange
[1] 4


$errors
NULL

